start: 1762931040.2854452
end: 1762931043.8864925
